openai-community/gpt2_basic_-1: 0.6913189888000488 0.5
openai-community/gpt2_basic_-2: 0.6094110012054443 0.5742574334144592
openai-community/gpt2_basic_-3: 0.5861151814460754 0.5891088843345642
openai-community/gpt2_prompt_-1: 0.691911518573761 0.5198019742965698
openai-community/gpt2_prompt_-2: 0.6135501265525818 0.5742574334144592
openai-community/gpt2_prompt_-3: 0.6020954847335815 0.5594059228897095
openai-community/gpt2-medium_basic_-1: 0.6779829263687134 0.5643564462661743
openai-community/gpt2-medium_basic_-2: 0.5928581953048706 0.5891088843345642
openai-community/gpt2-medium_basic_-3: 0.6388704776763916 0.5841584205627441
openai-community/gpt2-medium_prompt_-1: 0.6942703127861023 0.5148515105247498
openai-community/gpt2-medium_prompt_-2: 0.6402814388275146 0.5990098714828491
openai-community/gpt2-medium_prompt_-3: 0.6405799984931946 0.48514851927757263
openai-community/gpt2-large_basic_-1: 0.5761865377426147 0.6188119053840637
openai-community/gpt2-large_basic_-2: 0.5744341611862183 0.603960394859314
openai-community/gpt2-large_basic_-3: 0.5748956799507141 0.6089109182357788
openai-community/gpt2-large_prompt_-1: 0.5919849872589111 0.6386138796806335
openai-community/gpt2-large_prompt_-2: 0.6355522274971008 0.5990098714828491
openai-community/gpt2-large_prompt_-3: 0.6349199414253235 0.5891088843345642
openai-community/gpt2-xl_basic_-1: 0.583596408367157 0.594059407711029
openai-community/gpt2-xl_basic_-2: 0.6939364671707153 0.5148515105247498
openai-community/gpt2-xl_basic_-3: 0.6925419569015503 0.48514851927757263
openai-community/gpt2-xl_prompt_-1: 0.6099485158920288 0.6089109182357788
openai-community/gpt2-xl_prompt_-2: 0.6920052766799927 0.5148515105247498
openai-community/gpt2-xl_prompt_-3: 0.6933898329734802 0.48514851927757263
EleutherAI/gpt-neo-1.3B_basic_-1: 0.5867273807525635 0.594059407711029
EleutherAI/gpt-neo-1.3B_basic_-2: 0.6622565984725952 0.5247524976730347
EleutherAI/gpt-neo-1.3B_basic_-3: 0.5848010778427124 0.5891088843345642
EleutherAI/gpt-neo-1.3B_prompt_-1: 0.6558003425598145 0.49504950642585754
EleutherAI/gpt-neo-1.3B_prompt_-2: 0.6931765675544739 0.48514851927757263
EleutherAI/gpt-neo-1.3B_prompt_-3: 0.6924862861633301 0.5148515105247498
bigscience/bloom-560m_basic_-1: 0.6644153594970703 0.5792078971862793
bigscience/bloom-560m_basic_-2: 0.6267392635345459 0.5742574334144592
bigscience/bloom-560m_basic_-3: 0.6123076677322388 0.5594059228897095
bigscience/bloom-560m_prompt_-1: 0.6946578025817871 0.4900990128517151
bigscience/bloom-560m_prompt_-2: 0.6593291163444519 0.5990098714828491
bigscience/bloom-560m_prompt_-3: 0.6879254579544067 0.5099009871482849
bigscience/bloom-1b1_basic_-1: 0.6041496396064758 0.5792078971862793
bigscience/bloom-1b1_basic_-2: 0.588930070400238 0.5594059228897095
bigscience/bloom-1b1_basic_-3: 0.5831503868103027 0.5792078971862793
bigscience/bloom-1b1_prompt_-1: 0.6921519637107849 0.5049505233764648
bigscience/bloom-1b1_prompt_-2: 0.6390333771705627 0.6485148668289185
bigscience/bloom-1b1_prompt_-3: 0.605160653591156 0.6386138796806335
stabilityai/stablelm-base-alpha-3b_basic_-1: 0.6931370496749878 0.5148515105247498
stabilityai/stablelm-base-alpha-3b_basic_-2: 0.6932330131530762 0.48514851927757263
stabilityai/stablelm-base-alpha-3b_basic_-3: 0.6932576298713684 0.48514851927757263
